5
10
NULL
-1
-1
-1
-1
-1
-1
-1
-1
-1
-1
-1
-1
NULL
-1
-1
-1
-1
-1
-1
-1
-1
-1
-1
-1
-1
NULL
-1
-1
-1
-1
-1
-1
-1
-1
-1
-1
-1
-1
NULL
-1
-1
-1
-1
-1
-1
-1
-1
-1
-1
-1
-1
NULL
-1
-1
-1
-1
-1
-1
-1
-1
-1
-1
-1
-1
NULL
-1
-1
-1
-1
-1
-1
-1
-1
-1
-1
-1
-1
NULL
-1
-1
-1
-1
-1
-1
-1
-1
-1
-1
-1
-1
NULL
-1
-1
-1
-1
-1
-1
-1
-1
-1
-1
-1
-1
NULL
-1
-1
-1
-1
-1
-1
-1
-1
-1
-1
-1
-1
NULL
-1
-1
-1
-1
-1
-1
-1
-1
-1
-1
-1
-1
NULL
-1
-1
-1
-1
-1
-1
-1
-1
-1
-1
-1
-1
NULL
-1
-1
-1
-1
-1
-1
-1
-1
-1
-1
-1
-1
NULL
-1
-1
-1
-1
-1
-1
-1
-1
-1
-1
-1
-1
NULL
-1
-1
-1
-1
-1
-1
-1
-1
-1
-1
-1
-1
NULL
-1
-1
-1
-1
-1
-1
-1
-1
-1
-1
-1
-1
NULL
-1
-1
-1
-1
-1
-1
-1
-1
-1
-1
-1
-1
NULL
-1
-1
-1
-1
-1
-1
-1
-1
-1
-1
-1
-1
NULL
-1
-1
-1
-1
-1
-1
-1
-1
-1
-1
-1
-1
NULL
-1
-1
-1
-1
-1
-1
-1
-1
-1
-1
-1
-1
NULL
-1
-1
-1
-1
-1
-1
-1
-1
-1
-1
-1
-1
00000000000000000000000000000000000000000000000000
